Final Clusters
=====================
0:	1.42519685039  0.0  38.0866141732  38.8197637795  37.1541732283  37.9271653543  133968423.969  -0.290813864567  8.04377422311  114704066.433  37.928976378  38.0532283465  0.308380020472  43.874015748  0.737251070866  
1:	1.54166666667  0.0  67.7800833333  69.0305416667  66.5806458333  67.9615208333  39548659.025  0.269005333542  4.37052191165  37482432.8542  67.920375  68.195  0.370106223958  56.1729166667  0.709604266667  
2:	1.55421686747  0.0  21.9421686747  22.4826506024  21.5119277108  21.9106024096  240767374.88  -0.201284048193  -0.740014279566  254449753.53  21.9027710843  21.8571084337  -0.153619836145  50.2048192771  0.742676493976  
3:	1.44  0.0  13.8028  14.0744  13.2864  13.5632  735565793.72  -1.416818256  9.5345454654  709180600.88  13.558  13.48  -0.555417376  44.16  0.096590764  
4:	1.54285714286  0.0  20.0334285714  20.5657142857  19.5765714286  20.0288571429  394019083.457  -0.0675816971429  20.8873947739  374607871.686  20.034  19.9802857143  -0.323665468571  45.3714285714  0.587752471429  


Cluster Breakdown
=======================
Cluster 0:	16.93%
Cluster 1:	64.00%
Cluster 2:	11.07%
Cluster 3:	3.33%
Cluster 4:	4.67%


Cohesion: 5.31078614788e+18
Separation: 5.53349135834e+22
Precision: 0.113105143378
Recall: 0.831253333333
