0 (594)
1 (1535)
2 (673)
3 (531)
4 373 (572)
4 373 716 (530)
4 716 (576)
4 (1394)
5 (1094)
6 32 (605)
6 676 (767)
6 (2149)
6 472 (633)
6 32 472 (542)
7 (997)
8 (3090)
10 (1351)
11 (525)
12 390 722 (625)
12 227 722 (605)
12 390 (686)
12 132 (784)
12 120 (503)
12 (3415)
12 722 (739)
12 227 (656)
12 227 390 722 (568)
12 227 390 (603)
17 956 (604)
17 541 (609)
17 (1683)
18 (813)
21 413 793 (696)
21 857 (727)
21 57 (661)
21 413 793 857 (657)
21 205 (619)
21 918 (511)
21 793 857 (691)
21 413 (754)
21 362 (523)
21 793 (763)
21 (2666)
21 413 857 (684)
25 (1395)
26 (527)
27 58 (535)
27 354 (526)
27 (2165)
28 (1454)
31 (1666)
32 947 (719)
32 285 947 (606)
32 472 (607)
32 285 (686)
32 (4248)
33 (1460)
33 217 515 (783)
33 217 283 (788)
33 217 (848)
33 217 346 515 (747)
33 217 346 (796)
33 283 515 (780)
33 283 346 (796)
33 346 515 (790)
33 217 283 346 (750)
33 346 (840)
33 283 (841)
33 515 (820)
33 217 283 515 (738)
33 283 346 515 (747)
33 217 283 346 515 (701)
35 (1984)
36 (528)
37 (1249)
38 918 (506)
38 362 (617)
38 (2402)
39 368 (564)
39 704 825 (1028)
39 419 (511)
39 145 (733)
39 704 (1106)
39 (4258)
39 825 (1186)
41 541 (587)
41 (1353)
43 (1721)
44 (903)
45 (1728)
46 (543)
48 (2472)
51 (1612)
52 (1983)
52 598 (538)
53 (535)
54 944 (639)
54 944 998 (573)
54 (2595)
54 998 (637)
55 (1959)
57 362 (538)
57 (2743)
57 918 (504)
57 937 (782)
57 368 (568)
58 (1330)
58 354 (641)
66 (888)
68 (1601)
69 (2370)
69 362 (754)
69 285 (513)
69 871 (515)
70 684 765 (694)
70 (2411)
70 684 (860)
70 819 (798)
70 684 819 (700)
70 765 819 (698)
70 765 (789)
70 684 765 819 (610)
71 766 (672)
71 (3507)
72 541 (841)
72 (2852)
72 937 (625)
72 183 (571)
73 (2179)
75 829 (509)
75 775 (785)
75 325 (500)
75 (3151)
75 684 (797)
75 438 (772)
75 438 684 (662)
78 (2471)
80 (826)
82 (674)
85 (1555)
90 (1875)
90 309 (533)
90 620 (547)
90 120 (520)
90 793 (516)
90 510 (507)
93 (2777)
93 789 (538)
94 428 (508)
94 (1201)
95 (841)
96 (975)
97 (1466)
100 362 (591)
100 (1749)
104 (1158)
105 494 862 (541)
105 494 815 944 (500)
105 494 944 (551)
105 815 944 (560)
105 494 815 (544)
105 862 944 (553)
105 815 (615)
105 815 862 (539)
105 (1100)
105 862 (615)
105 494 (621)
105 944 (625)
108 (940)
110 (1801)
111 (1171)
112 (2680)
114 (816)
115 (1775)
116 (2193)
116 673 (575)
117 (731)
118 (916)
120 593 895 (578)
120 862 895 (570)
120 638 (500)
120 593 (641)
120 593 862 (571)
120 620 (508)
120 862 (664)
120 895 (685)
120 829 (573)
120 593 862 895 (553)
120 793 (543)
120 885 (507)
120 (4973)
120 510 (539)
120 132 (512)
122 (1081)
125 (1287)
126 (1075)
128 (525)
129 (1547)
130 (1711)
130 274 (543)
132 (2641)
132 638 (540)
132 688 (580)
136 (707)
139 (671)
140 (2687)
143 919 (562)
143 (1417)
143 481 (556)
143 460 (553)
144 (505)
145 (4559)
145 419 (629)
147 (1383)
151 (2611)
154 168 (571)
154 (1447)
155 (697)
156 (572)
157 719 (519)
157 (1140)
158 583 (639)
158 617 (636)
158 354 617 (593)
158 354 583 (591)
158 583 617 (586)
158 354 (643)
158 354 583 617 (547)
158 (884)
159 (542)
160 (987)
161 (2320)
162 (1450)
163 (1256)
164 (744)
167 (625)
168 (1538)
170 (1203)
171 (1097)
172 (663)
173 (1080)
174 (579)
175 766 (550)
175 834 (542)
175 910 (710)
175 (2791)
176 (582)
177 947 (599)
177 775 (510)
177 (4629)
178 (654)
181 (1235)
183 (3883)
183 366 (615)
183 766 (608)
183 541 (526)
185 960 (676)
185 (1529)
185 471 (679)
185 678 (663)
185 471 960 (651)
185 471 678 (652)
185 678 960 (647)
185 471 678 960 (637)
187 (759)
188 (650)
190 (531)
192 638 (529)
192 888 935 (503)
192 888 (534)
192 935 (775)
192 638 935 (502)
192 487 (517)
192 (2004)
193 (925)
194 (517)
196 (2096)
197 (1230)
197 878 (544)
198 (1461)
201 (1029)
203 (861)
204 (2174)
205 (3605)
205 529 (553)
207 (1214)
208 458 969 (751)
208 290 458 888 969 (670)
208 290 969 (760)
208 888 (827)
208 290 458 969 (701)
208 (1483)
208 458 888 969 (707)
208 458 888 (752)
208 888 969 (767)
208 290 888 969 (716)
208 290 458 (746)
208 290 888 (759)
208 969 (804)
208 290 458 888 (702)
208 290 (801)
208 458 (794)
210 829 (508)
210 (2009)
212 (778)
213 (522)
214 354 (775)
214 (1893)
214 956 (577)
215 (781)
216 (525)
217 561 (519)
217 283 515 (793)
217 661 (692)
217 283 346 (821)
217 487 (546)
217 546 661 923 947 (536)
217 888 (539)
217 346 515 (802)
217 283 (922)
217 661 923 947 (556)
217 (5375)
217 546 923 947 (552)
217 510 (547)
217 394 (543)
217 515 (839)
217 546 661 923 (559)
217 546 661 947 (560)
217 661 923 (580)
217 546 661 (581)
217 661 947 (579)
217 546 (598)
217 346 (1332)
217 947 (715)
217 283 346 515 (757)
217 923 947 (578)
217 923 (623)
217 546 923 (572)
217 546 947 (573)
220 (717)
224 (919)
226 (658)
227 390 722 (902)
227 722 (994)
227 390 (1048)
227 (1818)
229 (2281)
229 758 (513)
234 (1416)
236 (2618)
236 541 (507)
236 956 (518)
236 829 (564)
239 (2742)
240 (1399)
240 956 (521)
241 (784)
242 392 (520)
242 471 758 (606)
242 471 (684)
242 758 (668)
242 (2325)
242 489 (523)
249 (615)
252 (781)
256 (785)
258 (1036)
259 (1522)
262 (660)
263 (654)
265 (1359)
266 (1022)
268 (885)
272 (659)
274 (2628)
275 (1692)
276 (2479)
277 (982)
278 (657)
279 766 (500)
279 (3014)
279 489 (544)
280 (2108)
283 (4082)
283 515 (831)
283 346 515 (799)
283 346 (906)
285 871 (523)
285 947 (676)
285 (2600)
290 888 (823)
290 458 969 (744)
290 969 (794)
290 458 (783)
290 (1793)
290 458 888 969 (702)
290 458 888 (745)
290 888 969 (761)
294 (1445)
295 (712)
296 829 (736)
296 368 (633)
296 (2210)
298 (778)
299 (522)
300 (582)
304 (805)
307 (702)
308 (1402)
309 (1262)
309 793 (504)
310 (1390)
314 (846)
315 (533)
316 (578)
318 (812)
319 (1371)
320 (540)
321 (676)
322 (1154)
325 (1022)
326 (1488)
327 (662)
328 (663)
329 (964)
332 (1861)
334 (2146)
335 509 (638)
335 (1345)
336 (1071)
339 (695)
343 (1599)
345 (801)
346 515 (845)
346 561 888 (602)
346 (3470)
346 561 (666)
346 888 (689)
347 (885)
348 912 (560)
348 (1226)
349 634 (510)
349 888 (528)
349 (2041)
350 411 (622)
350 411 803 (569)
350 579 (628)
350 411 579 842 (519)
350 411 572 (560)
350 579 803 842 (520)
350 572 579 803 (516)
350 842 (599)
350 411 579 (557)
350 572 (611)
350 803 842 (566)
350 411 572 803 (524)
350 572 579 842 (515)
350 572 842 (556)
350 572 579 (552)
350 411 572 842 (520)
350 579 803 (561)
350 411 842 (561)
350 579 842 (557)
350 803 (632)
350 572 803 (559)
350 572 803 842 (520)
350 411 579 803 (522)
350 411 572 579 (518)
350 411 803 842 (526)
350 (3069)
351 (1641)
352 (902)
354 617 (678)
354 583 617 (582)
354 752 (545)
354 (5835)
354 583 (660)
354 956 (586)
354 722 (562)
354 480 (538)
355 (958)
357 (1142)
361 (1104)
362 (4388)
362 918 (532)
364 (567)
366 (1031)
368 470 (580)
368 937 (701)
368 494 682 (588)
368 766 (502)
368 494 (860)
368 682 (1191)
368 829 (1192)
368 (7828)
368 653 (544)
368 438 (518)
368 460 (501)
368 692 (926)
368 529 (637)
369 (592)
373 716 (585)
373 (2007)
377 (1149)
378 (1149)
381 (2959)
383 (668)
385 (1676)
385 684 (639)
387 (2089)
388 (938)
390 (2685)
390 722 (1041)
392 (2420)
392 862 (879)
392 461 (501)
392 801 (662)
392 569 (534)
392 489 (862)
392 801 862 (629)
394 (1145)
395 (990)
401 (3667)
401 571 (706)
401 758 (602)
401 460 (553)
403 950 (540)
403 (1722)
405 (1525)
406 (785)
407 (634)
408 (607)
409 (651)
411 579 (615)
411 803 842 (571)
411 572 (608)
411 572 803 842 (524)
411 572 579 (555)
411 803 (820)
411 (2047)
411 572 579 842 (520)
411 579 842 (563)
411 579 803 (569)
411 572 579 803 (523)
411 579 803 842 (529)
411 572 803 (563)
411 842 (601)
411 572 842 (556)
412 (517)
413 793 (763)
413 857 (729)
413 793 857 (687)
413 (2637)
414 (1160)
415 (877)
417 (971)
419 (5057)
419 854 (518)
419 752 (594)
419 665 (532)
419 797 (619)
419 581 (545)
421 (656)
422 (1255)
423 (1412)
424 (1448)
427 (1856)
428 (1021)
429 (1037)
430 (580)
432 (985)
436 (589)
438 966 (674)
438 (4511)
438 684 (825)
440 (1943)
447 (863)
448 538 (722)
448 887 (619)
448 (1370)
449 (1890)
450 (2082)
450 937 (561)
456 (804)
458 888 (793)
458 (1124)
458 969 (785)
458 888 969 (752)
460 684 (619)
460 (4438)
460 481 (524)
460 923 (573)
460 919 (589)
461 862 (513)
461 (1498)
464 (848)
467 (742)
468 (1089)
469 (1502)
470 534 (761)
470 995 (751)
470 (4137)
470 793 (579)
470 534 995 (663)
471 678 960 (652)
471 758 (693)
471 871 (643)
471 678 (809)
471 (2894)
471 663 (633)
471 663 871 (566)
471 960 (933)
472 (2125)
474 (815)
475 (663)
477 766 (525)
477 (2462)
478 (522)
480 (2309)
481 919 (534)
481 (888)
484 (971)
486 (1547)
487 888 (558)
487 (3135)
487 638 (523)
487 935 (519)
487 510 (646)
489 (3420)
490 (1066)
492 (665)
493 (583)
494 944 (653)
494 815 862 (538)
494 631 963 (543)
494 963 (610)
494 541 631 (551)
494 815 (624)
494 631 (658)
494 862 (719)
494 (5102)
494 541 (692)
494 862 944 (544)
494 541 631 963 (506)
494 815 944 (547)
494 883 (671)
494 682 (714)
494 893 (571)
494 541 963 (546)
496 626 (760)
496 (1428)
499 (743)
500 (1444)
504 (1296)
505 (791)
507 (950)
509 937 (643)
509 (3044)
510 (3281)
510 793 (532)
510 620 (506)
511 (1015)
512 (611)
513 (1287)
515 (1166)
516 (1544)
516 744 (676)
517 (1201)
518 (759)
521 (1582)
522 617 (621)
522 (2725)
523 998 (559)
523 (2244)
525 (609)
526 (2793)
527 (1185)
528 (576)
529 598 782 (733)
529 829 (583)
529 782 (860)
529 598 (941)
529 591 (509)
529 (7057)
530 (1263)
533 (772)
534 (1531)
534 995 (747)
538 878 (767)
538 (3982)
538 780 (511)
540 (1293)
541 631 963 (535)
541 956 (567)
541 (3735)
541 963 (589)
541 631 (623)
544 (773)
546 661 923 (588)
546 661 947 (588)
546 923 (599)
546 947 (607)
546 661 (609)
546 923 947 (580)
546 (1050)
546 661 923 947 (566)
548 (2843)
550 (1203)
554 (1114)
557 (587)
558 (957)
561 (2783)
561 888 (678)
563 (1065)
565 (640)
567 (1102)
568 (956)
569 (2835)
569 801 (502)
569 862 (550)
571 623 853 (710)
571 (2902)
571 795 853 (712)
571 623 795 (701)
571 795 (837)
571 623 (781)
571 623 795 853 (644)
571 853 (792)
572 579 803 842 (519)
572 (1589)
572 579 (599)
572 579 842 (553)
572 803 842 (558)
572 803 (602)
572 579 803 (555)
572 842 (590)
573 (1229)
574 (1297)
576 (1337)
577 (1695)
578 (1290)
579 803 (617)
579 803 842 (566)
579 (2164)
579 842 (598)
580 (1667)
580 871 (541)
581 966 (624)
581 (2943)
581 631 (579)
583 617 (631)
583 (1389)
585 (856)
590 (814)
591 (1241)
593 862 (614)
593 862 895 (572)
593 895 (631)
593 (2601)
594 (1516)
595 (797)
597 766 (567)
597 960 (502)
597 (2883)
598 (3219)
598 782 (798)
600 (1192)
605 (1652)
606 975 (681)
606 (2668)
608 (999)
611 (1444)
614 (3134)
616 (568)
617 885 (631)
617 (2614)
618 (1337)
620 793 (516)
620 (2100)
622 (826)
623 (1845)
623 853 (790)
623 795 (804)
623 795 853 (717)
624 (915)
626 (874)
628 (1102)
629 (893)
630 (1523)
631 735 (534)
631 963 (589)
631 (2793)
631 780 (539)
632 (1070)
633 (780)
634 (2492)
638 935 (513)
638 (2288)
638 888 (529)
639 (1572)
640 (932)
641 (1494)
642 (830)
645 (581)
647 (551)
648 (653)
649 (1292)
651 (1288)
653 (2634)
657 (506)
658 (1881)
659 (835)
660 (610)
661 (2693)
661 923 947 (587)
661 923 (622)
661 947 (636)
663 871 (624)
663 (2354)
665 (1297)
672 (743)
673 (1635)
674 720 (537)
674 (2527)
675 (2976)
675 886 (821)
675 701 (538)
676 (2717)
678 (1329)
678 960 (668)
682 (4132)
684 (5408)
684 819 (800)
684 766 (612)
684 765 (812)
684 923 (514)
684 765 819 (698)
686 (1495)
687 (1762)
688 (1132)
689 (817)
690 (778)
692 766 (535)
692 746 (578)
692 (4993)
694 (2847)
701 (1283)
703 (546)
704 884 (540)
704 (1794)
704 825 (1101)
705 (888)
706 (1923)
707 867 (504)
707 (1354)
708 978 (567)
708 (1090)
708 883 (607)
708 883 978 (539)
709 (672)
710 (1044)
711 (714)
712 (845)
713 (716)
716 (1199)
718 (1238)
719 (663)
720 (3864)
720 780 (587)
722 (5845)
723 (829)
730 (602)
731 (560)
732 (799)
733 (1141)
735 780 (526)
735 (1689)
736 (1470)
738 (2129)
740 (1632)
742 (953)
744 (2177)
745 (909)
746 966 (617)
746 (1982)
749 (1330)
752 (2578)
753 (578)
758 (2860)
759 (788)
760 (698)
762 (792)
763 (1862)
765 (1705)
765 819 (787)
766 (6265)
766 960 (619)
769 (1622)
771 (505)
774 (2046)
774 883 (556)
775 (3771)
778 (2514)
780 (2306)
782 (2767)
784 (1257)
785 (947)
788 (2386)
788 956 (731)
789 829 (1193)
789 (4309)
790 (1094)
792 (1306)
793 984 (655)
793 914 (567)
793 857 (732)
793 (3063)
794 (624)
795 853 (805)
795 (3361)
797 (2684)
798 (3103)
798 862 (513)
800 (1916)
801 862 (672)
801 (835)
803 (2237)
803 842 (605)
804 (1315)
805 (1789)
809 (2163)
810 (1267)
812 (1518)
814 829 (500)
814 (1672)
815 862 (614)
815 862 944 (546)
815 (1358)
815 944 (625)
819 (1257)
820 (1473)
823 (1031)
824 (565)
825 879 (536)
825 (3085)
826 (2022)
828 (542)
829 (6810)
830 (841)
831 (852)
832 (2062)
833 (629)
834 (1373)
835 (732)
837 (619)
838 (953)
839 (854)
841 (1927)
842 (752)
843 (1222)
844 (2814)
845 (585)
846 (1480)
851 (577)
852 (538)
853 (1804)
853 883 (569)
854 899 (537)
854 (2847)
855 (939)
857 (1588)
858 (866)
859 (1242)
860 (1255)
862 (3649)
862 895 (635)
862 944 (658)
867 (1530)
868 (510)
871 (2810)
874 (2237)
878 (2047)
879 (865)
883 978 (599)
883 (4902)
884 937 (593)
884 (1645)
885 (3043)
886 (3053)
887 (1671)
888 969 (807)
888 (3686)
888 935 (535)
890 (1437)
893 (1947)
895 (3385)
897 (1935)
899 (1252)
900 (1165)
903 (711)
905 (640)
906 (1444)
909 (525)
910 (1695)
911 (586)
912 (1009)
913 (1939)
914 984 (545)
914 (4037)
918 (3012)
919 (3710)
921 (2425)
922 (990)
923 947 (858)
923 (1753)
925 (652)
926 (672)
928 (1034)
932 (1786)
933 (523)
934 (510)
935 (1742)
937 (4681)
938 (766)
940 (536)
941 (1126)
943 (821)
944 (2794)
944 998 (637)
945 (536)
946 (1350)
947 (3690)
948 (1149)
949 (1414)
950 (1463)
952 (1574)
953 (525)
956 (3626)
960 (2732)
963 (1327)
964 (1518)
966 (3921)
967 (1695)
969 (849)
970 (2086)
973 (512)
975 (1764)
978 (1141)
980 (899)
981 (1542)
982 (1640)
984 (1756)
988 (1164)
989 (1289)
991 (1268)
992 (1116)
995 (1521)
998 (2713)
