67
44
48
80
60
93
10
73
92
78
74
29
43
30
71
58
64
37
41
69
95
92
5
68
19
90
29
44
60
85
79
25
20
41
14
20
92
74
52
27
97
24
39
77
37
4
17
99
53
97
47
73
89
57
11
39
4
16
3
97
77
81
88
60
92
81
46
80
62
48
45
42
27
68
62
3
42
89
20
76
91
96
35
23
59
38
66
13
58
9
14
37
45
4
53
1
61
34
39
24
70
47
12
16
61
81
61
72
32
86
39
61
46
62
15
30
89
15
78
24
14
61
25
68
16
66
30
47
0
74
99
68
81
97
95
16
43
22
73
38
21
44
40
57
52
41
89
85
90
6
62
59
82
14
12
13
53
6
3
21
93
25
22
16
92
16
25
85
92
35
82
62
90
47
63
81
17
84
64
30
36
95
94
5
44
12
55
16
75
55
0
55
30
92
88
76
29
44
59
83
91
95
81
68
55
81
39
34
90
87
31
34
50
49
27
19
95
12
91
22
27
54
50
26
32
30
31
29
56
4
87
56
45
34
91
35
78
29
27
68
49
66
14
87
93
59
59
0
97
88
94
89
30
31
85
34
73
14
12
88
99
20
59
29
74
99
58
26
9
97
89
93
69
82
94
65
83
99
39
10
54
26
18
4
0
57
47
68
36
27
77
30
29
36
35
71
93
13
42
26
26
83
74
89
2
72
61
55
70
7
54
10
29
4
39
1
44
11
53
9
39
38
48
85
98
47
12
48
75
41
72
49
75
31
53
97
14
14
9
24
55
17
54
71
68
21
95
23
1
64
18
70
34
82
87
30
23
55
87
28
63
75
30
27
86
72
99
37
98
5
14
69
2
47
35
1
64
91
12
46
74
29
95
8
37
12
48
50
21
60
86
37
78
9
88
56
89
57
59
21
59
30
22
99
93
27
75
76
12
88
40
86
36
3
4
74
24
90
61
37
83
39
55
31
35
30
91
50
7
16
22
10
88
11
45
82
66
84
54
76
67
11
84
76
47
54
47
67
63
41
57
90
26
80
11
83
82
18
24
43
52
81
3
27
86
17
46
13
19
21
50
98
15
29
18
16
21
98
36
26
37
39
17
33
65
23
89
68
76
25
65
91
37
33
64
65
8
23
62
77
41
24
47
90
55
63
1
47
68
30
60
40
96
94
41
30
64
76
53
16
27
46
83
52
84
19
33
51
80
44
36
53
32
89
0
44
7
72
26
87
15
63
48
81
99
18
69
0
94
87
18
34
49
86
63
4
43
42
70
0
48
71
75
99
9
47
57
22
15
63
1
41
12
78
99
93
23
82
27
97
7
19
30
29
33
72
69
70
12
78
41
83
77
41
47
27
79
57
98
15
64
7
66
24
65
79
65
0
36
16
31
55
52
61
63
15
68
38
87
69
0
32
52
27
49
19
32
98
75
94
1
57
70
1
37
40
36
50
18
25
62
92
24
75
46
92
70
33
8
83
84
11
88
17
53
86
0
73
25
30
33
54
34
93
26
35
21
94
31
18
19
74
22
36
62
1
7
36
27
95
5
50
37
54
45
6
3
62
18
42
87
11
8
31
63
46
5
97
57
54
29
29
10
18
56
43
62
8
33
52
20
27
81
71
68
63
61
28
11
57
57
15
44
5
44
16
17
74
59
11
23
24
42
21
38
25
39
76
56
75
86
15
11
43
70
19
42
29
28
37
96
89
54
7
98
61
34
94
24
35
39
89
42
17
59
48
66
5
51
15
59
25
6
2
54
87
18
71
1
76
8
37
38
60
50
64
6
2
48
20
64
92
39
24
39
82
5
30
21
98
41
9
42
47
52
88
28
58
51
82
72
86
81
60
53
68
82
95
86
33
72
53
74
38
28
27
30
11
95
86
5
3
41
83
96
0
17
84
63
81
46
77
74
55
77
54
46
90
39
81
62
18
13
54
61
59
69
87
33
25
45
61
33
29
82
51
47
52
68
29
3
2
45
1
75
92
30
43
63
55
59
43
65
3
62
54
17
82
14
43
5
71
41
76
6
37
16
6
23
49
81
91
62
98
25
87
16
83
56
95
5
42
6
42
50
47
35
55
96
95
44
71
35
98
63
60
63
15
20
31
42
78
8
38
1
6
80
66
32
47
96
32
64
85
83
88
48
42
47
66
89
60
9
53
15
43
51
92
35
72
71
27
51
33
33
39
88
82
51
29
16
29
21
45
66
22
34
33
84
34
19
12
92
49
70
45
1
12
88
38
29
88
61
89
16
77
98
13
81
92
